7 0 124.9 1 4
7 0 341.4 5 6
7 0 492.4 7 8
7 0 648.9 9 10
7 1 590.9 13 16
9 0 124.9 17 20
9 0 340.9 21 23
9 0 521.9 24 25
9 0 656.5 26 27
9 1 124.9 28 29
9 1 318.0 30 31
23 0 124.9 113 115
23 0 535.2 116 119
23 1 124.9 120 125
23 1 389.3 126 128
23 1 593.1 129 132
25 0 124.9 133 136
25 0 608.9 138 140
25 1 634.0 143 144
39 0 124.9 205 208
39 0 489.7 210 213
39 0 658.6 214 215
39 1 93.7 216 218
39 1 300.9 219 221
41 0 124.9 224 226
41 0 467.6 228 230
41 0 639.2 231 233
41 1 278.0 235 238
41 1 489.5 239 240
41 1 647.5 241 243
55 0 124.9 330 331
55 0 312.0 332 333
55 0 459.4 334 336
55 0 642.1 337 338
55 1 312.6 340 341
55 1 503.2 342 343
65 0 124.9 405 409
65 1 93.7 412 414
65 1 332.4 415 417
65 1 579.6 418 421
81 0 124.9 513 516
81 1 351.2 521 523
97 0 379.5 607 609
97 0 649.6 610 611
97 1 124.9 612 614
97 1 326.0 615 621
97 1 652.6 622 623
109 0 125.0 690 695
109 0 412.1 696 698
109 0 614.3 699 701
109 1 93.7 702 705
109 1 340.3 706 707
109 1 504.4 708 709
109 1 652.8 710 711
123 0 125.0 801 802
123 0 282.2 803 804
123 0 410.6 805 807
123 1 240.4 809 810
123 1 492.0 812 813
